# Evaluation of time performance 
#
#{AllocSize(Byte)	Time(ms)Bfree	Time(ms)Free}
10	0.000637	0.000171
20	0.000506	0.000058
30	0.000428	0.000169
40	0.000391	0.000044
50	0.000543	0.000176
60	0.000625	0.000120
70	0.000507	0.000062
80	0.000520	0.000128
90	0.000496	0.000132
100	0.000509	0.000061
110	0.000745	0.000135
120	0.000746	0.000065
130	0.000795	0.000143
140	0.000781	0.000121
150	0.001530	0.000103
160	0.000735	0.000127
170	0.000725	0.000154
180	0.000761	0.000159
190	0.000969	0.000170
200	0.000734	0.000205
210	0.000782	0.000321
220	0.000791	0.000326
230	0.000698	0.000223
240	0.001145	0.000225
250	0.001181	0.000263
260	0.001071	0.000242
270	0.001043	0.000243
280	0.001048	0.000246
290	0.001033	0.000262
300	0.001061	0.000273
310	0.001084	0.000276
320	0.001310	0.000428
330	0.001037	0.000305
340	0.001044	0.000620
350	0.001078	0.000323
360	0.001071	0.000332
370	0.001041	0.000377
380	0.001046	0.000360
390	0.001035	0.000355
400	0.001029	0.000374
410	0.001071	0.000391
420	0.001271	0.000392
430	0.001032	0.000410
440	0.001022	0.000425
450	0.001061	0.000420
460	0.001056	0.000451
470	0.001065	0.000436
480	0.001004	0.000455
490	0.001821	0.000464
500	0.001925	0.000478
510	0.002020	0.000566
520	0.001952	0.000501
530	0.001974	0.000496
540	0.002052	0.000514
550	0.001832	0.000561
560	0.002520	0.000608
570	0.002120	0.000665
580	0.002185	0.000686
590	0.002400	0.000677
600	0.002493	0.000694
610	0.002324	0.000652
620	0.002500	0.000843
630	0.002140	0.000795
640	0.001914	0.000660
650	0.001974	0.000671
660	0.001620	0.000722
670	0.001996	0.000718
680	0.001757	0.000690
690	0.002128	0.000716
700	0.002051	0.000822
710	0.002222	0.000814
720	0.002162	0.000883
730	0.002131	0.000772
740	0.001767	0.000735
750	0.001803	0.000687
760	0.001760	0.000800
770	0.001954	0.000794
780	0.001645	0.000702
790	0.001646	0.000719
800	0.001797	0.000724
810	0.001742	0.000883
820	0.002186	0.000849
830	0.001952	0.000890
840	0.002170	0.001319
850	0.002073	0.000998
860	0.001784	0.000870
870	0.002752	0.000864
880	0.001823	0.000943
890	0.002013	0.001037
900	0.001932	0.000983
910	0.002020	0.000948
920	0.001881	0.000993
930	0.001826	0.000998
940	0.001918	0.000935
950	0.001820	0.001059
960	0.001790	0.000891
970	0.001789	0.000940
980	0.001790	0.000932
990	0.001625	0.000969
1000	0.002254	0.000960
1010	0.003358	0.001047
1020	0.004083	0.001081
1030	0.003983	0.001193
1040	0.003660	0.001190
1050	0.004329	0.001449
1060	0.003505	0.001130
1070	0.003572	0.001115
1080	0.003894	0.001246
1090	0.003864	0.001205
1100	0.004606	0.001725
1110	0.004274	0.001571
1120	0.003523	0.001170
1130	0.003159	0.001047
1140	0.003595	0.001172
1150	0.003078	0.001056
1160	0.003852	0.001298
1170	0.004142	0.001263
1180	0.004009	0.001401
1190	0.004113	0.001366
1200	0.004206	0.001548
1210	0.004263	0.001714
1220	0.004221	0.001697
1230	0.004822	0.001362
1240	0.003872	0.001366
1250	0.003600	0.001333
1260	0.003144	0.001188
1270	0.004018	0.001352
1280	0.004650	0.001419
1290	0.004377	0.001793
1300	0.003678	0.001389
1310	0.003793	0.001662
1320	0.003896	0.001525
1330	0.003698	0.001536
1340	0.003337	0.001395
1350	0.004278	0.001464
1360	0.003512	0.001422
1370	0.003406	0.001544
1380	0.003832	0.001493
1390	0.003839	0.001759
1400	0.004526	0.001443
1410	0.003968	0.001681
1420	0.003746	0.001632
1430	0.004367	0.001857
1440	0.004617	0.001709
1450	0.003566	0.002521
1460	0.004000	0.001928
1470	0.004294	0.001825
1480	0.003974	0.002100
1490	0.003810	0.002090
1500	0.004220	0.001799
1510	0.004325	0.001956
1520	0.003102	0.001533
1530	0.003016	0.001471
1540	0.003273	0.001545
1550	0.004287	0.001798
1560	0.004025	0.001626
1570	0.004004	0.001903
1580	0.003943	0.002107
1590	0.003991	0.001702
1600	0.003789	0.001803
1610	0.003480	0.001975
1620	0.003864	0.002013
1630	0.003582	0.001711
1640	0.003659	0.001710
1650	0.003983	0.001735
1660	0.003849	0.001802
1670	0.004167	0.001772
1680	0.003495	0.002177
1690	0.003554	0.001881
1700	0.003773	0.001850
1710	0.003148	0.001669
1720	0.002988	0.001639
1730	0.003059	0.001684
1740	0.002985	0.001649
1750	0.003186	0.001732
1760	0.003333	0.001654
1770	0.003477	0.001642
1780	0.003060	0.001640
1790	0.003077	0.001656
1800	0.003039	0.001642
1810	0.003534	0.001774
1820	0.004333	0.001951
1830	0.004361	0.001924
1840	0.003867	0.001924
1850	0.003697	0.002282
1860	0.003847	0.001934
1870	0.003559	0.001896
1880	0.003631	0.002274
1890	0.003263	0.001998
1900	0.003566	0.002099
1910	0.003364	0.001884
1920	0.003541	0.002220
1930	0.004246	0.002327
1940	0.004417	0.002511
1950	0.003411	0.002450
1960	0.003816	0.002322
1970	0.003287	0.002115
1980	0.003758	0.002309
1990	0.003840	0.002031
2000	0.003365	0.002438
2010	0.003744	0.002459
2020	0.003506	0.001877
2030	0.007081	0.002110
2040	0.008024	0.001997
2050	0.006233	0.002105
2060	0.006492	0.002011
2070	0.006160	0.001909
2080	0.006961	0.002202
2090	0.007315	0.002143
2100	0.007057	0.002161
2110	0.007593	0.001904
2120	0.007878	0.002267
2130	0.007989	0.003027
2140	0.007761	0.002603
2150	0.006222	0.002162
2160	0.006131	0.002039
2170	0.007353	0.002584
2180	0.007844	0.004166
2190	0.008110	0.002706
2200	0.006701	0.002797
2210	0.007057	0.002309
2220	0.007269	0.002056
2230	0.008110	0.002547
2240	0.008196	0.002723
2250	0.008224	0.002924
2260	0.007339	0.002758
2270	0.008058	0.002461
2280	0.006955	0.002738
2290	0.008776	0.003052
2300	0.006358	0.002480
2310	0.007681	0.002348
2320	0.008472	0.002622
2330	0.007554	0.002800
2340	0.007149	0.002980
2350	0.006609	0.002462
2360	0.006882	0.002095
2370	0.007900	0.002737
2380	0.005681	0.002210
2390	0.006548	0.002040
2400	0.007068	0.002464
2410	0.007621	0.002781
2420	0.006334	0.002403
2430	0.007540	0.002630
2440	0.006518	0.003328
2450	0.006026	0.002509
2460	0.006719	0.002279
2470	0.007027	0.002647
2480	0.006917	0.002510
2490	0.007179	0.002758
2500	0.007444	0.003808
2510	0.007028	0.003035
2520	0.007399	0.003199
2530	0.007422	0.002816
2540	0.007140	0.003372
2550	0.007707	0.003390
2560	0.006676	0.003491
2570	0.008492	0.002886
2580	0.008097	0.004209
2590	0.008092	0.003277
2600	0.006956	0.003248
2610	0.008163	0.002942
2620	0.006886	0.002807
2630	0.007578	0.004260
2640	0.007167	0.002826
2650	0.006820	0.002974
2660	0.008156	0.002799
2670	0.008115	0.003483
2680	0.008533	0.002860
2690	0.007877	0.003355
2700	0.007961	0.003657
2710	0.006959	0.003506
2720	0.007893	0.003409
2730	0.008069	0.003855
2740	0.007262	0.003544
2750	0.007403	0.003432
2760	0.007400	0.002982
2770	0.007556	0.002892
2780	0.007186	0.003269
2790	0.007450	0.003044
2800	0.008150	0.003413
2810	0.006812	0.003042
2820	0.006866	0.003144
2830	0.007181	0.003463
2840	0.007279	0.002999
2850	0.007890	0.003355
2860	0.007755	0.003575
2870	0.007882	0.003315
2880	0.006769	0.003218
2890	0.007458	0.003302
2900	0.009280	0.003755
2910	0.008411	0.003311
2920	0.007858	0.003154
2930	0.007424	0.003161
2940	0.007671	0.003648
2950	0.007456	0.003789
2960	0.008106	0.004277
2970	0.007525	0.003794
2980	0.007100	0.004382
2990	0.007290	0.003836
3000	0.007706	0.003612
3010	0.008469	0.003676
3020	0.008044	0.003233
3030	0.008013	0.003806
3040	0.007115	0.003813
3050	0.007374	0.003992
3060	0.006860	0.003214
3070	0.009605	0.005523
3080	0.007952	0.003974
3090	0.007933	0.003599
3100	0.006857	0.003597
3110	0.007341	0.003351
3120	0.007454	0.004274
3130	0.007447	0.003672
3140	0.007247	0.003520
3150	0.007513	0.003702
3160	0.007439	0.003612
3170	0.008824	0.004147
3180	0.007532	0.004874
3190	0.007514	0.003935
3200	0.009093	0.004116
3210	0.007460	0.003864
3220	0.006480	0.003390
3230	0.007492	0.004076
3240	0.005940	0.003141
3250	0.006818	0.003286
3260	0.007097	0.003658
3270	0.007109	0.004534
3280	0.007614	0.003398
3290	0.007514	0.003610
3300	0.006968	0.003523
3310	0.006797	0.003102
3320	0.009357	0.005159
3330	0.007734	0.003724
3340	0.007416	0.004498
3350	0.007842	0.003934
3360	0.008335	0.003959
3370	0.007110	0.003949
3380	0.007368	0.003772
3390	0.008334	0.003836
3400	0.007673	0.003849
3410	0.007397	0.004434
3420	0.008023	0.003935
3430	0.008568	0.004613
3440	0.009462	0.004208
3450	0.009284	0.004444
3460	0.007523	0.003904
3470	0.008312	0.004393
3480	0.007294	0.003990
3490	0.008237	0.004499
3500	0.007467	0.003782
3510	0.006581	0.003898
3520	0.007731	0.004504
3530	0.007332	0.004099
3540	0.006092	0.003748
3550	0.007150	0.003403
3560	0.007726	0.004422
3570	0.007122	0.003810
3580	0.006875	0.004206
3590	0.007649	0.003904
3600	0.007892	0.005365
3610	0.008312	0.004841
3620	0.008103	0.004397
3630	0.008931	0.004455
3640	0.009755	0.005458
3650	0.008967	0.004698
3660	0.008696	0.005085
3670	0.008712	0.005418
3680	0.008945	0.004955
3690	0.008503	0.004287
3700	0.008724	0.004624
3710	0.007398	0.004494
3720	0.008182	0.004206
3730	0.008339	0.004732
3740	0.007000	0.004517
3750	0.008428	0.004683
3760	0.008280	0.004426
3770	0.008348	0.004701
3780	0.007774	0.004868
3790	0.007804	0.005026
3800	0.007444	0.004576
3810	0.007798	0.005778
3820	0.007547	0.005098
3830	0.009420	0.004394
3840	0.007141	0.005124
3850	0.008303	0.004417
3860	0.007054	0.005107
3870	0.007685	0.004416
3880	0.007331	0.004482
3890	0.009246	0.004546
3900	0.007617	0.004614
3910	0.008124	0.004572
3920	0.007077	0.004070
3930	0.007553	0.004878
3940	0.007848	0.004910
3950	0.007973	0.004455
3960	0.007542	0.004375
3970	0.007331	0.004707
3980	0.008674	0.004455
3990	0.007676	0.005266
4000	0.008334	0.005641
4010	0.006811	0.004918
4020	0.008571	0.005382
4030	0.010437	0.004871
4040	0.008946	0.004964
4050	0.008811	0.005445
4060	0.008827	0.006021
4070	0.009703	0.005382
