# Evaluation of time performance 
#
#{AllocSize(Byte)	Time(ms)Bfree	Time(ms)Free}
10	0.000340	0.000032
20	0.000348	0.000034
30	0.000338	0.000039
40	0.000380	0.000056
50	0.000553	0.000037
60	0.000537	0.000034
70	0.000650	0.000067
80	0.000545	0.000039
90	0.000525	0.000067
100	0.000596	0.000111
110	0.001010	0.000052
120	0.000960	0.000071
130	0.000965	0.000093
140	0.000881	0.000086
150	0.000884	0.000082
160	0.000807	0.000094
170	0.000854	0.000106
180	0.001260	0.000124
190	0.000996	0.000091
200	0.000907	0.000113
210	0.001096	0.000126
220	0.000743	0.000137
230	0.000808	0.000085
240	0.001315	0.000090
250	0.001290	0.000085
260	0.001290	0.000098
270	0.001265	0.000091
280	0.001279	0.000095
290	0.001255	0.000103
300	0.001360	0.000121
310	0.001601	0.000107
320	0.001455	0.000096
330	0.001275	0.000105
340	0.001245	0.000098
350	0.001271	0.000111
360	0.001246	0.000101
370	0.001271	0.000103
380	0.001259	0.000111
390	0.001246	0.000112
400	0.001259	0.000107
410	0.001266	0.000110
420	0.001246	0.000115
430	0.001268	0.000113
440	0.001275	0.000115
450	0.001267	0.000133
460	0.001260	0.000131
470	0.001264	0.000116
480	0.001292	0.000127
490	0.002444	0.000126
500	0.002770	0.000162
510	0.002956	0.000539
520	0.002440	0.000110
530	0.002422	0.000140
540	0.002332	0.000143
550	0.002398	0.000133
560	0.002945	0.000197
570	0.003278	0.000249
580	0.003100	0.000225
590	0.003375	0.000180
600	0.002524	0.000151
610	0.002356	0.000150
620	0.002294	0.000159
630	0.002396	0.000148
640	0.002230	0.000189
650	0.002506	0.000213
660	0.003442	0.000182
670	0.002552	0.000178
680	0.002505	0.000162
690	0.002474	0.000165
700	0.002768	0.000208
710	0.002398	0.000156
720	0.002627	0.000202
730	0.002681	0.000227
740	0.002375	0.000259
750	0.002603	0.000204
760	0.002417	0.000163
770	0.002252	0.000171
780	0.002006	0.000174
790	0.002196	0.000181
800	0.002192	0.000178
810	0.002441	0.000198
820	0.002318	0.000193
830	0.002333	0.000166
840	0.002928	0.000195
850	0.003244	0.000208
860	0.002526	0.000202
870	0.002305	0.000168
880	0.002326	0.000196
890	0.002276	0.000195
900	0.002253	0.000198
910	0.002678	0.000225
920	0.002316	0.000205
930	0.002467	0.000208
940	0.002359	0.000226
950	0.002473	0.000205
960	0.002174	0.000196
970	0.002204	0.000192
980	0.002349	0.000189
990	0.002582	0.000212
1000	0.002144	0.000223
1010	0.004870	0.000184
1020	0.005586	0.000221
1030	0.005738	0.000322
1040	0.005069	0.000214
1050	0.004831	0.000418
1060	0.004973	0.000300
1070	0.004693	0.000299
1080	0.005237	0.000474
1090	0.004662	0.000269
1100	0.005549	0.000366
1110	0.004246	0.000221
1120	0.004583	0.000262
1130	0.005824	0.000207
1140	0.006230	0.000246
1150	0.005037	0.000287
1160	0.004698	0.000291
1170	0.005444	0.000228
1180	0.004624	0.000466
1190	0.005389	0.000267
1200	0.004791	0.000267
1210	0.004863	0.000307
1220	0.004731	0.000376
1230	0.005067	0.000225
1240	0.005147	0.000373
1250	0.006020	0.000383
1260	0.005106	0.000282
1270	0.004103	0.000238
1280	0.004553	0.000273
1290	0.004006	0.000239
1300	0.004906	0.000310
1310	0.005445	0.000353
1320	0.004596	0.000260
1330	0.005332	0.000292
1340	0.004720	0.000348
1350	0.004735	0.000389
1360	0.005769	0.000337
1370	0.006298	0.000321
1380	0.004702	0.000290
1390	0.004529	0.000287
1400	0.005944	0.000275
1410	0.004968	0.000279
1420	0.005007	0.000299
1430	0.005162	0.000289
1440	0.004249	0.000250
1450	0.004033	0.000339
1460	0.003904	0.000255
1470	0.004183	0.000284
1480	0.004192	0.000259
1490	0.003853	0.000293
1500	0.003856	0.000265
1510	0.003815	0.000263
1520	0.003526	0.000257
1530	0.003889	0.000280
1540	0.003880	0.000272
1550	0.003899	0.000275
1560	0.004379	0.000303
1570	0.004335	0.000332
1580	0.003928	0.000292
1590	0.004113	0.000315
1600	0.004437	0.000309
1610	0.005122	0.000444
1620	0.003891	0.000264
1630	0.004751	0.000323
1640	0.004058	0.000285
1650	0.003842	0.000302
1660	0.005730	0.000342
1670	0.004090	0.000286
1680	0.003940	0.000305
1690	0.004359	0.000331
1700	0.003935	0.000463
1710	0.005126	0.000332
1720	0.004419	0.000304
1730	0.003909	0.000301
1740	0.003796	0.000309
1750	0.004148	0.000299
1760	0.004849	0.000346
1770	0.003887	0.000306
1780	0.003764	0.000307
1790	0.004308	0.000356
1800	0.004437	0.000368
1810	0.004871	0.000425
1820	0.004492	0.000429
1830	0.004476	0.000328
1840	0.004997	0.000384
1850	0.004216	0.000611
1860	0.004416	0.000354
1870	0.004877	0.000329
1880	0.004096	0.000337
1890	0.003863	0.000300
1900	0.004544	0.000432
1910	0.004563	0.000416
1920	0.005656	0.000477
1930	0.004872	0.000476
1940	0.004852	0.000388
1950	0.004083	0.000352
1960	0.004449	0.000260
1970	0.003928	0.000347
1980	0.003878	0.000346
1990	0.004005	0.000244
2000	0.003805	0.000345
2010	0.003559	0.000342
2020	0.003919	0.000352
2030	0.007635	0.000349
2040	0.008522	0.000294
2050	0.007621	0.000354
2060	0.008073	0.000361
2070	0.007497	0.000380
2080	0.007524	0.000399
2090	0.008549	0.000411
2100	0.009507	0.000388
2110	0.007619	0.000366
2120	0.008587	0.000370
2130	0.009331	0.000465
2140	0.007800	0.000372
2150	0.010015	0.000509
2160	0.007572	0.000374
2170	0.007005	0.000338
2180	0.007507	0.000373
2190	0.007530	0.000377
2200	0.006895	0.000376
2210	0.007603	0.000379
2220	0.007440	0.000390
2230	0.007742	0.000394
2240	0.007542	0.000393
2250	0.006990	0.000378
2260	0.006861	0.000375
2270	0.007338	0.000412
2280	0.008233	0.000436
2290	0.007023	0.000384
2300	0.007479	0.000401
2310	0.007423	0.000394
2320	0.006899	0.000384
2330	0.007637	0.000401
2340	0.006976	0.000395
2350	0.009297	0.000451
2360	0.007009	0.000379
2370	0.012183	0.000408
2380	0.009255	0.000495
2390	0.010068	0.000456
2400	0.009517	0.000426
2410	0.007504	0.000407
2420	0.007529	0.000361
2430	0.010103	0.000482
2440	0.009860	0.000415
2450	0.009176	0.000468
2460	0.009586	0.000490
2470	0.009715	0.000492
2480	0.008136	0.000432
2490	0.011505	0.000713
2500	0.010055	0.000482
2510	0.010678	0.000644
2520	0.009605	0.000471
2530	0.007643	0.000467
2540	0.011006	0.000504
2550	0.009446	0.000514
2560	0.012657	0.000599
2570	0.011661	0.000626
2580	0.010794	0.000551
2590	0.008013	0.000465
2600	0.009116	0.000586
2610	0.010207	0.000560
2620	0.010016	0.000573
2630	0.010289	0.000494
2640	0.010713	0.000599
2650	0.011857	0.000641
2660	0.008981	0.000581
2670	0.009159	0.000534
2680	0.010308	0.000535
2690	0.009944	0.000514
2700	0.008568	0.000563
2710	0.009252	0.000501
2720	0.009729	0.000559
2730	0.008155	0.000519
2740	0.010391	0.000712
2750	0.009448	0.000663
2760	0.007913	0.000532
2770	0.008819	0.001365
2780	0.009302	0.000516
2790	0.010048	0.000539
2800	0.009883	0.000508
2810	0.009590	0.000533
2820	0.008892	0.000488
2830	0.009611	0.000704
2840	0.009916	0.000487
2850	0.010425	0.000505
2860	0.010335	0.000645
2870	0.008587	0.000512
2880	0.007902	0.000500
2890	0.009692	0.000520
2900	0.009984	0.000666
2910	0.010538	0.000785
2920	0.010082	0.000660
2930	0.007910	0.000546
2940	0.008393	0.000767
2950	0.009802	0.000578
2960	0.009974	0.000559
2970	0.009592	0.000562
2980	0.009836	0.000568
2990	0.009044	0.000783
3000	0.009335	0.000586
3010	0.010678	0.000843
3020	0.008144	0.000507
3030	0.007817	0.000601
3040	0.009768	0.000533
3050	0.008568	0.000574
3060	0.009423	0.000560
3070	0.010203	0.000630
3080	0.008501	0.000557
3090	0.008012	0.000537
3100	0.009194	0.000568
3110	0.009648	0.000620
3120	0.010170	0.000576
3130	0.007772	0.000554
3140	0.008242	0.000553
3150	0.008987	0.000372
3160	0.010903	0.000772
3170	0.009554	0.000638
3180	0.009016	0.000687
3190	0.008365	0.000587
3200	0.009818	0.000690
3210	0.010842	0.000557
3220	0.008689	0.000566
3230	0.009547	0.000574
3240	0.008917	0.000506
3250	0.009231	0.000566
3260	0.008885	0.000528
3270	0.007538	0.000373
3280	0.009944	0.000486
3290	0.009058	0.000720
3300	0.008142	0.000570
3310	0.010471	0.000657
3320	0.009169	0.000577
3330	0.009627	0.000765
3340	0.009605	0.000747
3350	0.009915	0.000599
3360	0.010196	0.000603
3370	0.010468	0.000619
3380	0.008428	0.000573
3390	0.008679	0.000670
3400	0.010179	0.000668
3410	0.010791	0.000750
3420	0.010418	0.000631
3430	0.009047	0.000598
3440	0.009542	0.000665
3450	0.009322	0.000690
3460	0.009806	0.000554
3470	0.010492	0.000690
3480	0.008951	0.000630
3490	0.009332	0.000815
3500	0.010122	0.000765
3510	0.009350	0.000687
3520	0.010749	0.000864
3530	0.011269	0.000954
3540	0.009545	0.000686
3550	0.010347	0.000739
3560	0.009580	0.000727
3570	0.010059	0.000801
3580	0.010382	0.000934
3590	0.010260	0.000828
3600	0.009962	0.000811
3610	0.008983	0.000715
3620	0.009963	0.001031
3630	0.009326	0.000890
3640	0.010267	0.000695
3650	0.011674	0.000886
3660	0.008863	0.001098
3670	0.009269	0.000845
3680	0.010207	0.000913
3690	0.010920	0.001102
3700	0.009948	0.000898
3710	0.010891	0.001089
3720	0.009177	0.000693
3730	0.010981	0.000908
3740	0.010657	0.000906
3750	0.009703	0.000686
3760	0.008835	0.000793
3770	0.008774	0.000724
3780	0.009334	0.000849
3790	0.009806	0.000870
3800	0.009616	0.000760
3810	0.009038	0.000755
3820	0.010090	0.000679
3830	0.011647	0.000767
3840	0.009633	0.000636
3850	0.008941	0.000644
3860	0.010783	0.000574
3870	0.009485	0.000925
3880	0.010393	0.000646
3890	0.014555	0.001054
3900	0.014315	0.000691
3910	0.013579	0.001781
3920	0.011193	0.000955
3930	0.015973	0.001212
3940	0.012049	0.000876
3950	0.011443	0.000676
3960	0.007140	0.000627
3970	0.008456	0.000985
3980	0.010792	0.001638
3990	0.010003	0.000869
4000	0.009867	0.000805
4010	0.008594	0.000731
4020	0.009060	0.000675
4030	0.009913	0.000812
4040	0.009447	0.000767
4050	0.009966	0.000794
4060	0.009673	0.000760
4070	0.007680	0.000708
